Aluno: Lucas Camargo Sodre

Criando os modelos e utilizando os dados de treino normalizados
utilizando o algoritmo RandomForestClassifier

standardscales
('accuracy', 0.65875)
('precision', 0.65875)
('recall', 0.65875)
('f1', 0.65875)

array([[1, 0, 0, ..., 0, 0, 0],
       [0, 1, 0, ..., 0, 0, 0],
       [0, 0, 1, ..., 0, 0, 0],
       ...,
       [0, 0, 0, ..., 1, 0, 0],
       [0, 0, 0, ..., 0, 1, 0],
       [0, 0, 0, ..., 0, 0, 0]], dtype=int64)

normalize
('accuracy', 0.64375)
('precision', 0.64375)
('recall', 0.64375)
('f1', 0.64375)
array([[1, 0, 0, ..., 0, 0, 0],
       [0, 1, 0, ..., 0, 0, 0],
       [0, 0, 1, ..., 0, 0, 0],
       ...,
       [0, 0, 0, ..., 1, 0, 0],
       [0, 0, 0, ..., 0, 1, 0],
       [0, 0, 0, ..., 0, 0, 0]], dtype=int64)

maxabsscaler
('accuracy', 0.66)
('precision', 0.66)
('recall', 0.66)
('f1', 0.66)
array([[1, 0, 0, ..., 0, 0, 0],
       [0, 1, 0, ..., 0, 0, 0],
       [0, 0, 1, ..., 0, 0, 0],
       ...,
       [0, 0, 0, ..., 1, 0, 0],
       [0, 0, 0, ..., 0, 1, 0],
       [0, 0, 0, ..., 0, 0, 1]], dtype=int64)

minmaxscaler
('accuracy', 0.6625)
('precision', 0.6625)
('recall', 0.6625)
('f1', 0.6625)
array([[1, 0, 0, ..., 0, 0, 0],
       [0, 1, 0, ..., 0, 0, 0],
       [0, 0, 1, ..., 0, 0, 0],
       ...,
       [0, 0, 0, ..., 1, 0, 0],
       [0, 0, 0, ..., 0, 1, 0],
       [0, 0, 0, ..., 0, 0, 0]], dtype=int64)

robustscaler
('accuracy', 0.66125)
('precision', 0.66125)
('recall', 0.66125)
('f1', 0.66125)
array([[1, 0, 0, ..., 0, 0, 0],
       [0, 1, 0, ..., 0, 0, 0],
       [0, 0, 1, ..., 0, 0, 0],
       ...,
       [0, 0, 0, ..., 1, 0, 0],
       [0, 0, 0, ..., 0, 1, 0],
       [0, 0, 0, ..., 0, 0, 0]], dtype=int64)

Utilizando o algoritmo GaussianNB

standardscales
('accuracy', 0.665)
('precision', 0.665)
('recall', 0.665)
('f1', 0.665)

array([[1, 0, 0, ..., 0, 0, 0],
       [0, 1, 0, ..., 0, 0, 0],
       [0, 0, 1, ..., 0, 0, 0],
       ...,
       [0, 0, 0, ..., 1, 0, 0],
       [0, 0, 0, ..., 0, 1, 0],
       [0, 0, 0, ..., 0, 0, 0]], dtype=int64)

normalize
('accuracy', 0.665)
('precision', 0.665)
('recall', 0.665)
('f1', 0.665)
array([[1, 0, 0, ..., 0, 0, 0],
       [0, 1, 0, ..., 0, 0, 0],
       [0, 0, 1, ..., 0, 0, 0],
       ...,
       [0, 0, 0, ..., 1, 0, 0],
       [0, 0, 0, ..., 0, 1, 0],
       [0, 0, 0, ..., 0, 0, 0]], dtype=int64)

maxabsscaler
('accuracy', 0.665)
('precision', 0.665)
('recall', 0.665)
('f1', 0.665)
array([[1, 0, 0, ..., 0, 0, 0],
       [0, 1, 0, ..., 0, 0, 0],
       [0, 0, 1, ..., 0, 0, 0],
       ...,
       [0, 0, 0, ..., 1, 0, 0],
       [0, 0, 0, ..., 0, 1, 0],
       [0, 0, 0, ..., 0, 0, 0]], dtype=int64)

minmaxscaler
('accuracy', 0.665)
('precision', 0.665)
('recall', 0.665)
('f1', 0.665)
array([[1, 0, 0, ..., 0, 0, 0],
       [0, 1, 0, ..., 0, 0, 0],
       [0, 0, 1, ..., 0, 0, 0],
       ...,
       [0, 0, 0, ..., 1, 0, 0],
       [0, 0, 0, ..., 0, 1, 0],
       [0, 0, 0, ..., 0, 0, 0]], dtype=int64)

robustscaler
('accuracy', 0.05375)
('precision', 0.05375)
('recall', 0.05375)
('f1', 0.05374999999999999)
array([[0, 0, 0, ..., 0, 0, 0],
       [0, 0, 0, ..., 0, 0, 0],
       [0, 0, 0, ..., 0, 0, 0],
       ...,
       [0, 0, 0, ..., 1, 0, 0],
       [0, 0, 0, ..., 0, 0, 0],
       [0, 0, 0, ..., 0, 0, 0]], dtype=int64)


Testando utilizando os dados de treino normalizados

Com o algoritmo RandomForestClassifier
standardscales
('accuracy', 0.0)
('precision', 0.0)
('recall', 0.0)
('f1', 0.0)
array([[0, 0, 0, ..., 0, 0, 0],
       [0, 0, 0, ..., 0, 0, 0],
       [0, 0, 0, ..., 0, 0, 0],
       ...,
       [0, 0, 0, ..., 0, 0, 0],
       [0, 0, 0, ..., 0, 0, 0],
       [0, 0, 0, ..., 0, 0, 0]], dtype=int64)

normalize
('accuracy', 0.005)
('precision', 0.005)
('recall', 0.005)
('f1', 0.005)
array([[0, 0, 0, ..., 0, 0, 0],
       [0, 0, 0, ..., 0, 0, 0],
       [0, 0, 0, ..., 0, 0, 0],
       ...,
       [0, 0, 0, ..., 0, 0, 0],
       [0, 0, 0, ..., 0, 0, 0],
       [0, 0, 0, ..., 0, 0, 0]], dtype=int64)

maxabsscaler
('accuracy', 0.0)
('precision', 0.0)
('recall', 0.0)
('f1', 0.0)
array([[0, 0, 0, ..., 0, 0, 0],
       [0, 0, 0, ..., 0, 0, 0],
       [0, 0, 0, ..., 0, 0, 0],
       ...,
       [0, 0, 0, ..., 0, 0, 0],
       [0, 0, 0, ..., 0, 0, 0],
       [0, 0, 0, ..., 0, 0, 0]], dtype=int64)

minmaxscaler
('accuracy', 0.0)
('precision', 0.0)
('recall', 0.0)
('f1', 0.0)
array([[0, 0, 0, ..., 0, 0, 0],
       [0, 0, 0, ..., 0, 0, 0],
       [0, 0, 0, ..., 0, 0, 0],
       ...,
       [0, 0, 0, ..., 0, 0, 0],
       [0, 0, 0, ..., 0, 0, 0],
       [0, 0, 0, ..., 0, 0, 0]], dtype=int64)

robustscaler
('accuracy', 0.0)
('precision', 0.0)
('recall', 0.0)
('f1', 0.0)
array([[0, 0, 0, ..., 0, 0, 0],
       [0, 0, 0, ..., 0, 0, 0],
       [0, 0, 0, ..., 0, 0, 0],
       ...,
       [0, 0, 0, ..., 0, 0, 0],
       [0, 0, 0, ..., 0, 0, 0],
       [0, 0, 0, ..., 0, 0, 0]], dtype=int64)


Utilizando o algoritmo GaussianNB

standardscales
('accuracy', 0.0)
('precision', 0.0)
('recall', 0.0)
('f1', 0.0)
array([[0, 0, 0, ..., 0, 0, 0],
       [0, 0, 0, ..., 0, 0, 0],
       [0, 0, 0, ..., 0, 0, 0],
       ...,
       [0, 0, 0, ..., 0, 0, 0],
       [0, 0, 0, ..., 0, 0, 0],
       [0, 0, 0, ..., 0, 0, 0]], dtype=int64)

normalize
('accuracy', 0.0)
('precision', 0.0)
('recall', 0.0)
('f1', 0.0)
array([[0, 0, 0, ..., 0, 0, 0],
       [0, 0, 0, ..., 0, 0, 0],
       [0, 0, 0, ..., 0, 0, 0],
       ...,
       [0, 0, 0, ..., 0, 0, 0],
       [0, 0, 0, ..., 0, 0, 0],
       [0, 0, 0, ..., 0, 0, 0]], dtype=int64)

maxabsscaler
('accuracy', 0.0)
('precision', 0.0)
('recall', 0.0)
('f1', 0.0)
array([[0, 0, 0, ..., 0, 0, 0],
       [0, 0, 0, ..., 0, 0, 0],
       [0, 0, 0, ..., 0, 0, 0],
       ...,
       [0, 0, 0, ..., 0, 0, 0],
       [0, 0, 0, ..., 0, 0, 0],
       [0, 0, 0, ..., 0, 0, 0]], dtype=int64)

maxabsscaler
('accuracy', 0.0)
('precision', 0.0)
('recall', 0.0)
('f1', 0.0)
array([[0, 0, 0, ..., 0, 0, 0],
       [0, 0, 0, ..., 0, 0, 0],
       [0, 0, 0, ..., 0, 0, 0],
       ...,
       [0, 0, 0, ..., 0, 0, 0],
       [0, 0, 0, ..., 0, 0, 0],
       [0, 0, 0, ..., 0, 0, 0]], dtype=int64)

robustscaler
('accuracy', 0.0)
('precision', 0.0)
('recall', 0.0)
('f1', 0.0)
array([[0, 0, 0, ..., 0, 0, 0],
       [0, 0, 0, ..., 0, 0, 0],
       [0, 0, 0, ..., 0, 0, 0],
       ...,
       [0, 0, 0, ..., 0, 0, 0],
       [0, 0, 0, ..., 0, 0, 0],
       [0, 0, 0, ..., 0, 0, 0]], dtype=int64)

robustscaler
('accuracy', 0.0)
('precision', 0.0)
('recall', 0.0)
('f1', 0.0)
array([[0, 0, 0, ..., 0, 0, 0],
       [0, 0, 0, ..., 0, 0, 0],
       [0, 0, 0, ..., 0, 0, 0],
       ...,
       [0, 0, 0, ..., 0, 0, 0],
       [0, 0, 0, ..., 0, 0, 0],
       [0, 0, 0, ..., 0, 0, 0]], dtype=int64)


Criando os modelos e utilizando os dados de treino normalizados e com pca

Com o algoritmo RandomForestClassifier

standardscales
('accuracy', 0.555)
('precision', 0.555)
('recall', 0.555)
('f1', 0.555)

array([[1, 0, 0, ..., 0, 0, 0],
       [0, 1, 0, ..., 0, 0, 0],
       [0, 0, 1, ..., 0, 0, 0],
       ...,
       [0, 0, 0, ..., 1, 0, 0],
       [0, 0, 0, ..., 0, 1, 0],
       [0, 0, 0, ..., 0, 0, 0]], dtype=int64)

normalize
('accuracy', 0.64125)
('precision', 0.64125)
('recall', 0.64125)
('f1', 0.64125)

array([[1, 0, 0, ..., 0, 0, 0],
       [0, 1, 0, ..., 0, 0, 0],
       [0, 0, 1, ..., 0, 0, 0],
       ...,
       [0, 0, 0, ..., 0, 0, 0],
       [0, 0, 0, ..., 0, 1, 0],
       [0, 0, 0, ..., 0, 0, 1]], dtype=int64)

maxabsscaler
('accuracy', 0.17625)
('precision', 0.17625)
('recall', 0.17625)
('f1', 0.17625)
array([[1, 0, 0, ..., 0, 0, 0],
       [0, 1, 0, ..., 0, 0, 0],
       [0, 0, 1, ..., 0, 0, 0],
       ...,
       [0, 0, 0, ..., 1, 0, 0],
       [0, 0, 0, ..., 0, 0, 0],
       [0, 0, 0, ..., 0, 0, 0]], dtype=int64)

minmaxscaler
('accuracy', 0.1575)
('precision', 0.1575)
('recall', 0.1575)
('f1', 0.1575)
array([[0, 0, 0, ..., 0, 0, 0],
       [0, 1, 0, ..., 0, 0, 0],
       [0, 0, 1, ..., 0, 0, 0],
       ...,
       [0, 0, 0, ..., 1, 0, 0],
       [0, 0, 0, ..., 0, 0, 0],
       [0, 0, 0, ..., 0, 0, 0]], dtype=int64)

robustscaler
('accuracy', 0.65625)
('precision', 0.65625)
('recall', 0.65625)
('f1', 0.65625)
array([[1, 0, 0, ..., 0, 0, 0],
       [0, 1, 0, ..., 0, 0, 0],
       [0, 0, 1, ..., 0, 0, 0],
       ...,
       [0, 0, 0, ..., 1, 0, 0],
       [0, 0, 0, ..., 0, 1, 0],
       [0, 0, 0, ..., 0, 0, 0]], dtype=int64)


Testando utilizando os dados de treino normalizados com pca

Com o algoritmo RandomForestClassifier

standardscales
('accuracy', 0.0)
('precision', 0.0)
('recall', 0.0)
('f1', 0.0)
array([[0, 0, 0, ..., 0, 0, 0],
       [0, 0, 0, ..., 0, 0, 0],
       [0, 0, 0, ..., 0, 0, 0],
       ...,
       [0, 0, 0, ..., 0, 0, 0],
       [0, 0, 0, ..., 0, 0, 0],
       [0, 0, 0, ..., 0, 0, 0]], dtype=int64)

normalize
('accuracy', 0.005)
('precision', 0.005)
('recall', 0.005)
('f1', 0.005)
array([[0, 0, 0, ..., 0, 0, 0],
       [0, 0, 0, ..., 0, 0, 0],
       [0, 0, 0, ..., 0, 0, 0],
       ...,
       [0, 0, 0, ..., 0, 0, 0],
       [0, 0, 0, ..., 0, 0, 0],
       [0, 0, 0, ..., 0, 0, 0]], dtype=int64)

maxabsscaler
('accuracy', 0.0)
('precision', 0.0)
('recall', 0.0)
('f1', 0.0)
array([[0, 0, 0, ..., 0, 0, 0],
       [0, 0, 0, ..., 0, 0, 0],
       [0, 0, 0, ..., 0, 0, 0],
       ...,
       [0, 0, 0, ..., 0, 0, 0],
       [0, 0, 0, ..., 0, 0, 0],
       [0, 0, 0, ..., 0, 0, 0]], dtype=int64)

minmaxscaler
('accuracy', 0.0)
('precision', 0.0)
('recall', 0.0)
('f1', 0.0)
array([[0, 0, 0, ..., 0, 0, 0],
       [0, 0, 0, ..., 0, 0, 0],
       [0, 0, 0, ..., 0, 0, 0],
       ...,
       [0, 0, 0, ..., 0, 0, 0],
       [0, 0, 0, ..., 0, 0, 0],
       [0, 0, 0, ..., 0, 0, 0]], dtype=int64)

robustscaler
('accuracy', 0.0)
('precision', 0.0)
('recall', 0.0)
('f1', 0.0)
array([[0, 0, 0, ..., 0, 0, 0],
       [0, 0, 0, ..., 0, 0, 0],
       [0, 0, 0, ..., 0, 0, 0],
       ...,
       [0, 0, 0, ..., 0, 0, 0],
       [0, 0, 0, ..., 0, 0, 0],
       [0, 0, 0, ..., 0, 0, 0]], dtype=int64)


Criando os modelos e utilizando os dados de treino normalizados e com pca

Utilizando o algoritmo GaussianNB

standardscales
('accuracy', 0.64)
('precision', 0.64)
('recall', 0.64)
('f1', 0.64)

array([[1, 0, 0, ..., 0, 0, 0],
       [0, 1, 0, ..., 0, 0, 0],
       [0, 0, 1, ..., 0, 0, 0],
       ...,
       [0, 0, 0, ..., 1, 0, 0],
       [0, 0, 0, ..., 0, 1, 0],
       [0, 0, 0, ..., 0, 0, 0]], dtype=int64)

normalize
('accuracy', 0.665)
('precision', 0.665)
('recall', 0.665)
('f1', 0.665)

array([[1, 0, 0, ..., 0, 0, 0],
       [0, 1, 0, ..., 0, 0, 0],
       [0, 0, 1, ..., 0, 0, 0],
       ...,
       [0, 0, 0, ..., 1, 0, 0],
       [0, 0, 0, ..., 0, 1, 0],
       [0, 0, 0, ..., 0, 0, 0]], dtype=int64)

maxabsscaler
('accuracy', 0.64)
('precision', 0.64)
('recall', 0.64)
('f1', 0.64)

array([[1, 0, 0, ..., 0, 0, 0],
       [0, 1, 0, ..., 0, 0, 0],
       [0, 0, 1, ..., 0, 0, 0],
       ...,
       [0, 0, 0, ..., 1, 0, 0],
       [0, 0, 0, ..., 0, 1, 0],
       [0, 0, 0, ..., 0, 0, 0]], dtype=int64)

minmaxscaler
('accuracy', 0.64)
('precision', 0.64)
('recall', 0.64)
('f1', 0.64)

array([[1, 0, 0, ..., 0, 0, 0],
       [0, 1, 0, ..., 0, 0, 0],
       [0, 0, 1, ..., 0, 0, 0],
       ...,
       [0, 0, 0, ..., 1, 0, 0],
       [0, 0, 0, ..., 0, 1, 0],
       [0, 0, 0, ..., 0, 0, 0]], dtype=int64)

robustscaler
('accuracy', 0.045)
('precision', 0.045)
('recall', 0.045)
('f1', 0.045)

array([[0, 0, 0, ..., 0, 0, 0],
       [0, 0, 0, ..., 0, 0, 0],
       [0, 0, 0, ..., 0, 0, 0],
       ...,
       [0, 0, 0, ..., 1, 0, 0],
       [0, 0, 0, ..., 0, 0, 0],
       [0, 0, 0, ..., 0, 0, 0]], dtype=int64)

Testando utilizando os dados de treino normalizados com pca


Utilizando o algoritmo GaussianNB

standardscales
('accuracy', 0.0)
('precision', 0.0)
('recall', 0.0)
('f1', 0.0)
array([[0, 0, 0, ..., 0, 0, 0],
       [0, 0, 0, ..., 0, 0, 0],
       [0, 0, 0, ..., 0, 0, 0],
       ...,
       [0, 0, 0, ..., 0, 0, 0],
       [0, 0, 0, ..., 0, 0, 0],
       [0, 0, 0, ..., 0, 0, 0]], dtype=int64)

normalize
('accuracy', 0.0)
('precision', 0.0)
('recall', 0.0)
('f1', 0.0)
array([[0, 0, 0, ..., 0, 0, 0],
       [0, 0, 0, ..., 0, 0, 0],
       [0, 0, 0, ..., 0, 0, 0],
       ...,
       [0, 0, 0, ..., 0, 0, 0],
       [0, 0, 0, ..., 0, 0, 0],
       [0, 0, 0, ..., 0, 0, 0]], dtype=int64)

maxabsscaler
('accuracy', 0.0)
('precision', 0.0)
('recall', 0.0)
('f1', 0.0)
array([[0, 0, 0, ..., 0, 0, 0],
       [0, 0, 0, ..., 0, 0, 0],
       [0, 0, 0, ..., 0, 0, 0],
       ...,
       [0, 0, 0, ..., 0, 0, 0],
       [0, 0, 0, ..., 0, 0, 0],
       [0, 0, 0, ..., 0, 0, 0]], dtype=int64)

minmaxscaler
('accuracy', 0.0)
('precision', 0.0)
('recall', 0.0)
('f1', 0.0)
array([[0, 0, 0, ..., 0, 0, 0],
       [0, 0, 0, ..., 0, 0, 0],
       [0, 0, 0, ..., 0, 0, 0],
       ...,
       [0, 0, 0, ..., 0, 0, 0],
       [0, 0, 0, ..., 0, 0, 0],
       [0, 0, 0, ..., 0, 0, 0]], dtype=int64)

robustscaler
('accuracy', 0.0)
('precision', 0.0)
('recall', 0.0)
('f1', 0.0)
array([[0, 0, 0, ..., 0, 0, 0],
       [0, 0, 0, ..., 0, 0, 0],
       [0, 0, 0, ..., 0, 0, 0],
       ...,
       [0, 0, 0, ..., 0, 0, 0],
       [0, 0, 0, ..., 0, 0, 0],
       [0, 0, 0, ..., 0, 0, 0]], dtype=int64)

































































